 
Решение включает 68 ходов.
Исходная: 
 4  2  1 12 
 8  3 15  7 
 9  6  5 11 
14 10 13  0 

L
 4  2  1 12 
 8  3 15  7 
 9  6  5 11 
14 10  0 13 

L
 4  2  1 12 
 8  3 15  7 
 9  6  5 11 
14  0 10 13 

U
 4  2  1 12 
 8  3 15  7 
 9  0  5 11 
14  6 10 13 

R
 4  2  1 12 
 8  3 15  7 
 9  5  0 11 
14  6 10 13 

U
 4  2  1 12 
 8  3  0  7 
 9  5 15 11 
14  6 10 13 

L
 4  2  1 12 
 8  0  3  7 
 9  5 15 11 
14  6 10 13 

U
 4  0  1 12 
 8  2  3  7 
 9  5 15 11 
14  6 10 13 

R
 4  1  0 12 
 8  2  3  7 
 9  5 15 11 
14  6 10 13 

R
 4  1 12  0 
 8  2  3  7 
 9  5 15 11 
14  6 10 13 

D
 4  1 12  7 
 8  2  3  0 
 9  5 15 11 
14  6 10 13 

D
 4  1 12  7 
 8  2  3 11 
 9  5 15  0 
14  6 10 13 

D
 4  1 12  7 
 8  2  3 11 
 9  5 15 13 
14  6 10  0 

L
 4  1 12  7 
 8  2  3 11 
 9  5 15 13 
14  6  0 10 

U
 4  1 12  7 
 8  2  3 11 
 9  5  0 13 
14  6 15 10 

R
 4  1 12  7 
 8  2  3 11 
 9  5 13  0 
14  6 15 10 

D
 4  1 12  7 
 8  2  3 11 
 9  5 13 10 
14  6 15  0 

L
 4  1 12  7 
 8  2  3 11 
 9  5 13 10 
14  6  0 15 

L
 4  1 12  7 
 8  2  3 11 
 9  5 13 10 
14  0  6 15 

L
 4  1 12  7 
 8  2  3 11 
 9  5 13 10 
 0 14  6 15 

U
 4  1 12  7 
 8  2  3 11 
 0  5 13 10 
 9 14  6 15 

R
 4  1 12  7 
 8  2  3 11 
 5  0 13 10 
 9 14  6 15 

U
 4  1 12  7 
 8  0  3 11 
 5  2 13 10 
 9 14  6 15 

L
 4  1 12  7 
 0  8  3 11 
 5  2 13 10 
 9 14  6 15 

U
 0  1 12  7 
 4  8  3 11 
 5  2 13 10 
 9 14  6 15 

R
 1  0 12  7 
 4  8  3 11 
 5  2 13 10 
 9 14  6 15 

D
 1  8 12  7 
 4  0  3 11 
 5  2 13 10 
 9 14  6 15 

R
 1  8 12  7 
 4  3  0 11 
 5  2 13 10 
 9 14  6 15 

U
 1  8  0  7 
 4  3 12 11 
 5  2 13 10 
 9 14  6 15 

L
 1  0  8  7 
 4  3 12 11 
 5  2 13 10 
 9 14  6 15 

D
 1  3  8  7 
 4  0 12 11 
 5  2 13 10 
 9 14  6 15 

D
 1  3  8  7 
 4  2 12 11 
 5  0 13 10 
 9 14  6 15 

D
 1  3  8  7 
 4  2 12 11 
 5 14 13 10 
 9  0  6 15 

R
 1  3  8  7 
 4  2 12 11 
 5 14 13 10 
 9  6  0 15 

U
 1  3  8  7 
 4  2 12 11 
 5 14  0 10 
 9  6 13 15 

L
 1  3  8  7 
 4  2 12 11 
 5  0 14 10 
 9  6 13 15 

D
 1  3  8  7 
 4  2 12 11 
 5  6 14 10 
 9  0 13 15 

R
 1  3  8  7 
 4  2 12 11 
 5  6 14 10 
 9 13  0 15 

U
 1  3  8  7 
 4  2 12 11 
 5  6  0 10 
 9 13 14 15 

R
 1  3  8  7 
 4  2 12 11 
 5  6 10  0 
 9 13 14 15 

U
 1  3  8  7 
 4  2 12  0 
 5  6 10 11 
 9 13 14 15 

L
 1  3  8  7 
 4  2  0 12 
 5  6 10 11 
 9 13 14 15 

U
 1  3  0  7 
 4  2  8 12 
 5  6 10 11 
 9 13 14 15 

L
 1  0  3  7 
 4  2  8 12 
 5  6 10 11 
 9 13 14 15 

D
 1  2  3  7 
 4  0  8 12 
 5  6 10 11 
 9 13 14 15 

L
 1  2  3  7 
 0  4  8 12 
 5  6 10 11 
 9 13 14 15 

U
 0  2  3  7 
 1  4  8 12 
 5  6 10 11 
 9 13 14 15 

R
 2  0  3  7 
 1  4  8 12 
 5  6 10 11 
 9 13 14 15 

R
 2  3  0  7 
 1  4  8 12 
 5  6 10 11 
 9 13 14 15 

D
 2  3  8  7 
 1  4  0 12 
 5  6 10 11 
 9 13 14 15 

L
 2  3  8  7 
 1  0  4 12 
 5  6 10 11 
 9 13 14 15 

D
 2  3  8  7 
 1  6  4 12 
 5  0 10 11 
 9 13 14 15 

R
 2  3  8  7 
 1  6  4 12 
 5 10  0 11 
 9 13 14 15 

R
 2  3  8  7 
 1  6  4 12 
 5 10 11  0 
 9 13 14 15 

U
 2  3  8  7 
 1  6  4  0 
 5 10 11 12 
 9 13 14 15 

U
 2  3  8  0 
 1  6  4  7 
 5 10 11 12 
 9 13 14 15 

L
 2  3  0  8 
 1  6  4  7 
 5 10 11 12 
 9 13 14 15 

D
 2  3  4  8 
 1  6  0  7 
 5 10 11 12 
 9 13 14 15 

R
 2  3  4  8 
 1  6  7  0 
 5 10 11 12 
 9 13 14 15 

U
 2  3  4  0 
 1  6  7  8 
 5 10 11 12 
 9 13 14 15 

L
 2  3  0  4 
 1  6  7  8 
 5 10 11 12 
 9 13 14 15 

L
 2  0  3  4 
 1  6  7  8 
 5 10 11 12 
 9 13 14 15 

L
 0  2  3  4 
 1  6  7  8 
 5 10 11 12 
 9 13 14 15 

D
 1  2  3  4 
 0  6  7  8 
 5 10 11 12 
 9 13 14 15 

D
 1  2  3  4 
 5  6  7  8 
 0 10 11 12 
 9 13 14 15 

D
 1  2  3  4 
 5  6  7  8 
 9 10 11 12 
 0 13 14 15 

R
 1  2  3  4 
 5  6  7  8 
 9 10 11 12 
13  0 14 15 

R
 1  2  3  4 
 5  6  7  8 
 9 10 11 12 
13 14  0 15 

R
 1  2  3  4 
 5  6  7  8 
 9 10 11 12 
13 14 15  0 
